100
4 2
5 2
6 2
1000 1000
1000 1
999 511
1000 500
999 489
935 805
612 545
474 364
999 1
948 775
999 497
999 2
500 256
394 387
628 583
1000 511
500 116
593 532
774 718
346 304
964 880
999 498
999 499
1000 127
1000 488
999 998
837 794
500 117
4 1
500 249
1000 328
729 631
999 127
500 248
695 567
5 1
1000 489
1000 498
309 269
377 286
1000 499
390 326
3 1
3 2
365 300
783 779
1000 128
500 217
550 452
500 245
1 1
906 789
916 697
1000 512
500 250
941 839
500 2
999 128
817 764
886 776
1000 256
500 244
735 603
500 500
401 370
457 399
2 1
656 632
999 256
999 255
615 577
999 512
2 2
532 512
1000 255
500 127
500 255
1000 505
474 428
1000 2
726 653
999 999
999 458
590 561
1000 999
644 603
515 446
500 499
999 488
450 400
999 487
500 1
500 83
500 128
874 850
780 638
433 372
