10
700 100
202 86 1591 74 74 185 95 1273 5293 5293 3551 689 1157 5251 413 35 395 7031 7921 8989 4747 1739 3737 1313 1313 4747 4747 1111 407 481 299 1357 5251 623 77 1111 3131 1457 329 427 671 473 1849 3569 8383 4141 697 85 235 893 779 2993 365 485 485 95 437 46 34 1003 1711 841 377 299 667 551 95 185 2701 4891 1943 1711 413 301 989 1679 803 253 1541 3551 1961 1591 3053 6319 3649 287 581 6557 237 267 4717 3551 871 247 1919 6767 201 69 2231 8633 
700 100
1849 4343 4343 1591 3293 1513 1207 2911 2501 1769 2291 5609 3763 583 803 2263 1891 4453 2993 1189 2117 511 371 3233 427 553 1817 1403 4087 4757 5041 142 58 899 3131 505 415 415 365 4891 2479 2627 2059 2929 202 14 679 9797 8989 267 51 119 161 943 2993 7373 10201 1717 85 155 2449 237 237 3239 2993 1387 1843 291 129 3053 1207 901 1007 1273 6499 4171 2537 3599 3721 1159 1577 6557 869 737 6499 5141 1961 481 1313 4343 2279 1007 133 707 10201 7979 7979 1919 703 74 
700 100
1537 901 1139 3953 118 6 87 2581 1691 1121 1357 437 1919 7171 3053 4171 4171 1333 2449 7663 194 82 2173 1007 133 497 142 134 5963 5429 4087 134 26 767 4897 166 58 1363 3901 5063 2257 185 395 7663 4171 3827 3293 3737 8989 4183 4183 1691 1007 2491 611 689 106 62 2263 4453 1037 119 35 55 979 4717 4399 3901 94 142 5893 2573 961 1333 2279 106 134 2747 1681 2747 4757 5183 5183 355 355 4331 2257 481 143 121 209 209 1111 5353 265 355 5609 2449 1147 74 
700 100
3431 3901 581 287 943 69 141 893 893 2773 767 767 2419 1681 3977 194 142 5183 803 737 1541 2323 2323 2323 3737 2479 469 427 122 82 205 265 5353 3131 155 155 1333 4171 4559 94 6 21 259 2183 3953 5963 267 237 5609 1207 799 2773 1711 899 403 1079 415 65 923 355 235 2491 3763 6887 6887 4189 3953 2479 2479 134 26 1313 5959 1121 57 249 5893 7171 4343 215 415 1411 1207 7171 2323 1403 305 25 65 871 1541 667 1943 2479 3293 7387 4897 1357 299 1027 
700 100
2491 2279 3397 1343 1513 2759 2449 4819 1891 62 158 7031 7387 2407 1769 4087 3953 2183 1739 3713 5767 2701 2183 1711 2813 1067 121 55 115 115 115 1541 737 671 1769 58 46 667 1769 4087 6767 8383 6059 3869 3127 1121 1349 781 803 3139 731 1207 3763 2491 1927 2173 3869 4307 3481 413 259 3589 9797 202 74 2257 1891 2573 2573 403 91 259 1961 583 649 3127 106 118 2773 94 86 2881 6499 2813 2291 6241 7979 1717 697 287 371 2491 893 1919 7171 5183 2701 481 793 5917 
700 100
1717 8383 8383 2929 319 671 4819 5609 2201 2077 469 497 6887 5141 1007 133 301 215 215 559 169 65 235 1739 1739 2209 141 291 8633 2581 667 253 187 51 87 1189 287 91 91 21 111 1961 901 289 119 371 371 497 5609 1027 1261 194 26 39 237 1027 143 187 901 1961 703 209 319 319 319 2117 5767 4187 106 26 533 943 1909 6059 803 451 82 118 5251 6319 2201 403 481 1517 82 158 7663 1649 901 901 391 299 533 4141 3131 2449 4187 3551 1139 1411 
700 100
14 511 146 122 5063 7387 2581 203 413 649 209 133 161 437 437 1081 2021 3827 4717 1219 437 1501 1343 1717 5353 901 697 3977 5141 1961 74 134 469 679 9409 9409 679 623 4183 3337 5183 2701 1739 4559 3589 481 1079 415 295 118 142 4189 5251 2581 1537 1537 2117 3139 3139 949 26 142 2201 2263 3869 2279 215 485 6887 2911 82 194 7663 6557 3569 4171 3007 1643 3763 923 143 33 9 69 943 943 391 187 341 2263 2701 2257 305 85 1207 142 142 213 249 581 
700 100
39 689 265 265 3127 413 469 5561 8383 4141 2993 3139 1591 2257 2623 2881 201 177 4897 4399 265 445 8989 8989 2759 62 62 3007 8633 178 122 1891 2759 1691 1691 3649 533 39 213 213 9 39 91 371 1219 1679 7373 10201 6767 5561 5561 1541 2047 4717 106 82 2419 1357 1817 5293 6499 6887 213 9 57 1919 4747 329 91 65 295 5723 7663 6241 3239 287 371 583 55 15 249 5561 6499 2813 2291 7031 623 217 1891 6161 202 178 4183 2021 3569 3901 2773 2183 2701 4453 
700 100
87 21 623 3827 3397 2291 1073 74 178 6319 3053 559 481 407 341 217 203 1769 2867 2209 4559 1843 247 481 1591 2881 871 1027 5767 3139 2881 2479 185 505 3737 74 46 161 77 1111 1111 869 1343 799 235 85 901 265 95 323 731 473 341 1829 2537 3569 5063 3233 5141 5141 583 121 33 141 1739 2627 1349 551 2291 553 371 5141 7663 3397 817 589 62 6 303 505 415 913 1111 2929 58 194 5723 4307 7081 7081 4453 1769 1711 3953 1541 989 3053 2201 217 371 
700 100
7081 6059 913 77 427 2501 3977 7081 1241 1139 469 553 4187 2491 1363 319 22 58 841 1943 2077 62 38 1349 5041 355 215 2279 4399 1079 689 371 35 15 6 146 5767 3239 3239 158 14 679 7081 6059 6557 1817 161 623 445 185 407 869 4187 3233 5429 4717 3127 177 129 215 35 21 57 1007 2809 3763 4331 427 581 166 62 403 533 3403 8051 5141 5353 3131 217 301 215 295 3127 3127 2183 2701 365 205 3977 8633 8989 1313 611 3431 3139 1849 2881 134 202 5959 
