0 0
1234567890 1234567890
1023348159 962698720
1591033635 1979648441
1533525686 1107769036
1006769035 55068821
1807357916 1946018644
1003136356 566904648
1286287109 2066997517
625236461 745048768
638733758 135270077
23228126 457745641
995883267 1311720452
501743555 1605579968
1133355659 2128271149
2067799261 162455119
577567304 741171025
383924750 1150580551
1838194022 1800506810
1955245364 2018325599
1085266861 1505054497
1823240044 2063207125
123456  4324
  12234  909
454609 45606
234 0
 0  3434
234 657567
345 200
200    345
0

