1757873329
1980962064
186309739411394019985002613729
2011394683113946324983067549502740367693383936
1
583753921
663217009
114079864680037881
41293476
9
547232449
196284860716063729
20085733487521
805424400
1291180489
1352179984
2001399169
3845521
1126474969
244891201
1957266081
1792082889
416976400
923369769
1316818944
1037677369
4392499197241
2098830969
1381460224
974064100
361721293324147821077629225
991872036
807647310864
77334436
85580766117271163025
615139204
661106944
1519057016906724
1755861409
702403284363664
398400355331433225
10000000000000000000000000000000000000000000000000000000000000000000000000000000000000000000000000000
517768032721
259467664
961124004
1808885961
1611693725625
815045401
1812715776
590684416

