1
2
1
3
2
1
4
3
2
1
5
4
3
2
1
6
5
4
3
2
1
7
6
5
4
3
2
1
8
7
6
5
4
3
2
1
9
8
7
6
5
4
3
2
1
10
9
8
7
6
5
4
3
2
1
11
10
9
8
7
6
5
4
3
2
1
12
11
10
9
8
7
6
5
4
3
2
1
12
11
10
9
8
7
6
5
4
3
2
1
0
12
11
10
9
8
7
6
5
4
3
2
1
0
0
13
12
11
10
9
8
7
6
5
4
3
2
1
1
1
14
13
12
11
10
9
8
7
6
5
4
3
2
2
2
1
15
14
13
12
11
10
9
8
7
6
5
4
3
3
3
2
1
16
15
14
13
12
11
10
9
8
7
6
5
4
4
4
3
2
1
17
16
15
14
13
12
11
10
9
8
7
6
5
5
5
4
3
2
1
17
16
15
14
13
12
11
10
9
8
7
6
5
5
5
4
3
2
1
0
18
17
16
15
14
13
12
11
10
9
8
7
6
6
6
5
4
3
2
1
1
19
18
17
16
15
14
13
12
11
10
9
8
7
7
7
6
5
4
3
2
2
1
20
19
18
17
16
15
14
13
12
11
10
9
8
8
8
7
6
5
4
3
3
2
1
21
20
19
18
17
16
15
14
13
12
11
10
9
9
9
8
7
6
5
4
4
3
2
1
21
20
19
18
17
16
15
14
13
12
11
10
9
9
9
8
7
6
5
4
4
3
2
1
0
22
21
20
19
18
17
16
15
14
13
12
11
10
10
10
9
8
7
6
5
5
4
3
2
1
1
22
21
20
19
18
17
16
15
14
13
12
11
10
10
10
9
8
7
6
5
5
4
3
2
1
1
0
23
22
21
20
19
18
17
16
15
14
13
12
11
11
11
10
9
8
7
6
6
5
4
3
2
2
1
1
23
22
21
20
19
18
17
16
15
14
13
12
11
11
11
10
9
8
7
6
6
5
4
3
2
2
1
1
0
24
23
22
21
20
19
18
17
16
15
14
13
12
12
12
11
10
9
8
7
7
6
5
4
3
3
2
2
1
1
25
24
23
22
21
20
19
18
17
16
15
14
13
13
13
12
11
10
9
8
8
7
6
5
4
4
3
3
2
2
1
25
24
23
22
21
20
19
18
17
16
15
14
13
13
13
12
11
10
9
8
8
7
6
5
4
4
3
3
2
2
1
0
26
25
24
23
22
21
20
19
18
17
16
15
14
14
14
13
12
11
10
9
9
8
7
6
5
5
4
4
3
3
2
1
1
26
25
24
23
22
21
20
19
18
17
16
15
14
14
14
13
12
11
10
9
9
8
7
6
5
5
4
4
3
3
2
1
1
0
27
26
25
24
23
22
21
20
19
18
17
16
15
15
15
14
13
12
11
10
10
9
8
7
6
6
5
5
4
4
3
2
2
1
1
28
27
26
25
24
23
22
21
20
19
18
17
16
16
16
15
14
13
12
11
11
10
9
8
7
7
6
6
5
5
4
3
3
2
2
1
28
27
26
25
24
23
22
21
20
19
18
17
16
16
16
15
14
13
12
11
11
10
9
8
7
7
6
6
5
5
4
3
3
2
2
1
0
28
27
26
25
24
23
22
21
20
19
18
17
16
16
16
15
14
13
12
11
11
10
9
8
7
7
6
6
5
5
4
3
3
2
2
1
0
0
29
28
27
26
25
24
23
22
21
20
19
18
17
17
17
16
15
14
13
12
12
11
10
9
8
8
7
7
6
6
5
4
4
3
3
2
1
1
1
30
29
28
27
26
25
24
23
22
21
20
19
18
18
18
17
16
15
14
13
13
12
11
10
9
9
8
8
7
7
6
5
5
4
4
3
2
2
2
1
30
29
28
27
26
25
24
23
22
21
20
19
18
18
18
17
16
15
14
13
13
12
11
10
9
9
8
8
7
7
6
5
5
4
4
3
2
2
2
1
0
31
30
29
28
27
26
25
24
23
22
21
20
19
19
19
18
17
16
15
14
14
13
12
11
10
10
9
9
8
8
7
6
6
5
5
4
3
3
3
2
1
1
32
31
30
29
28
27
26
25
24
23
22
21
20
20
20
19
18
17
16
15
15
14
13
12
11
11
10
10
9
9
8
7
7
6
6
5
4
4
4
3
2
2
1
32
31
30
29
28
27
26
25
24
23
22
21
20
20
20
19
18
17
16
15
15
14
13
12
11
11
10
10
9
9
8
7
7
6
6
5
4
4
4
3
2
2
1
0
32
31
30
29
28
27
26
25
24
23
22
21
20
20
20
19
18
17
16
15
15
14
13
12
11
11
10
10
9
9
8
7
7
6
6
5
4
4
4
3
2
2
1
0
0
33
32
31
30
29
28
27
26
25
24
23
22
21
21
21
20
19
18
17
16
16
15
14
13
12
12
11
11
10
10
9
8
8
7
7
6
5
5
5
4
3
3
2
1
1
1
34
33
32
31
30
29
28
27
26
25
24
23
22
22
22
21
20
19
18
17
17
16
15
14
13
13
12
12
11
11
10
9
9
8
8
7
6
6
6
5
4
4
3
2
2
2
1
35
34
33
32
31
30
29
28
27
26
25
24
23
23
23
22
21
20
19
18
18
17
16
15
14
14
13
13
12
12
11
10
10
9
9
8
7
7
7
6
5
5
4
3
3
3
2
1
36
35
34
33
32
31
30
29
28
27
26
25
24
24
24
23
22
21
20
19
19
18
17
16
15
15
14
14
13
13
12
11
11
10
10
9
8
8
8
7
6
6
5
4
4
4
3
2
1
36
35
34
33
32
31
30
29
28
27
26
25
24
24
24
23
22
21
20
19
19
18
17
16
15
15
14
14
13
13
12
11
11
10
10
9
8
8
8
7
6
6
5
4
4
4
3
2
1
0
36
35
34
33
32
31
30
29
28
27
26
25
24
24
24
23
22
21
20
19
19
18
17
16
15
15
14
14
13
13
12
11
11
10
10
9
8
8
8
7
6
6
5
4
4
4
3
2
1
0
0
37
36
35
34
33
32
31
30
29
28
27
26
25
25
25
24
23
22
21
20
20
19
18
17
16
16
15
15
14
14
13
12
12
11
11
10
9
9
9
8
7
7
6
5
5
5
4
3
2
1
1
1
38
37
36
35
34
33
32
31
30
29
28
27
26
26
26
25
24
23
22
21
21
20
19
18
17
17
16
16
15
15
14
13
13
12
12
11
10
10
10
9
8
8
7
6
6
6
5
4
3
2
2
2
1
38
37
36
35
34
33
32
31
30
29
28
27
26
26
26
25
24
23
22
21
21
20
19
18
17
17
16
16
15
15
14
13
13
12
12
11
10
10
10
9
8
8
7
6
6
6
5
4
3
2
2
2
1
0
38
37
36
35
34
33
32
31
30
29
28
27
26
26
26
25
24
23
22
21
21
20
19
18
17
17
16
16
15
15
14
13
13
12
12
11
10
10
10
9
8
8
7
6
6
6
5
4
3
2
2
2
1
0
0
38
37
36
35
34
33
32
31
30
29
28
27
26
26
26
25
24
23
22
21
21
20
19
18
17
17
16
16
15
15
14
13
13
12
12
11
10
10
10
9
8
8
7
6
6
6
5
4
3
2
2
2
1
0
0
0
39
38
37
36
35
34
33
32
31
30
29
28
27
27
27
26
25
24
23
22
22
21
20
19
18
18
17
17
16
16
15
14
14
13
13
12
11
11
11
10
9
9
8
7
7
7
6
5
4
3
3
3
2
1
1
1
1
40
39
38
37
36
35
34
33
32
31
30
29
28
28
28
27
26
25
24
23
23
22
21
20
19
19
18
18
17
17
16
15
15
14
14
13
12
12
12
11
10
10
9
8
8
8
7
6
5
4
4
4
3
2
2
2
2
1
40
39
38
37
36
35
34
33
32
31
30
29
28
28
28
27
26
25
24
23
23
22
21
20
19
19
18
18
17
17
16
15
15
14
14
13
12
12
12
11
10
10
9
8
8
8
7
6
5
4
4
4
3
2
2
2
2
1
0
41
40
39
38
37
36
35
34
33
32
31
30
29
29
29
28
27
26
25
24
24
23
22
21
20
20
19
19
18
18
17
16
16
15
15
14
13
13
13
12
11
11
10
9
9
9
8
7
6
5
5
5
4
3
3
3
3
2
1
1
41
40
39
38
37
36
35
34
33
32
31
30
29
29
29
28
27
26
25
24
24
23
22
21
20
20
19
19
18
18
17
16
16
15
15
14
13
13
13
12
11
11
10
9
9
9
8
7
6
5
5
5
4
3
3
3
3
2
1
1
0
41
40
39
38
37
36
35
34
33
32
31
30
29
29
29
28
27
26
25
24
24
23
22
21
20
20
19
19
18
18
17
16
16
15
15
14
13
13
13
12
11
11
10
9
9
9
8
7
6
5
5
5
4
3
3
3
3
2
1
1
0
0
42
41
40
39
38
37
36
35
34
33
32
31
30
30
30
29
28
27
26
25
25
24
23
22
21
21
20
20
19
19
18
17
17
16
16
15
14
14
14
13
12
12
11
10
10
10
9
8
7
6
6
6
5
4
4
4
4
3
2
2
1
1
1
42
41
40
39
38
37
36
35
34
33
32
31
30
30
30
29
28
27
26
25
25
24
23
22
21
21
20
20
19
19
18
17
17
16
16
15
14
14
14
13
12
12
11
10
10
10
9
8
7
6
6
6
5
4
4
4
4
3
2
2
1
1
1
0
42
41
40
39
38
37
36
35
34
33
32
31
30
30
30
29
28
27
26
25
25
24
23
22
21
21
20
20
19
19
18
17
17
16
16
15
14
14
14
13
12
12
11
10
10
10
9
8
7
6
6
6
5
4
4
4
4
3
2
2
1
1
1
0
0
43
42
41
40
39
38
37
36
35
34
33
32
31
31
31
30
29
28
27
26
26
25
24
23
22
22
21
21
20
20
19
18
18
17
17
16
15
15
15
14
13
13
12
11
11
11
10
9
8
7
7
7
6
5
5
5
5
4
3
3
2
2
2
1
1
1
44
43
42
41
40
39
38
37
36
35
34
33
32
32
32
31
30
29
28
27
27
26
25
24
23
23
22
22
21
21
20
19
19
18
18
17
16
16
16
15
14
14
13
12
12
12
11
10
9
8
8
8
7
6
6
6
6
5
4
4
3
3
3
2
2
2
1
44
43
42
41
40
39
38
37
36
35
34
33
32
32
32
31
30
29
28
27
27
26
25
24
23
23
22
22
21
21
20
19
19
18
18
17
16
16
16
15
14
14
13
12
12
12
11
10
9
8
8
8
7
6
6
6
6
5
4
4
3
3
3
2
2
2
1
0
44
43
42
41
40
39
38
37
36
35
34
33
32
32
32
31
30
29
28
27
27
26
25
24
23
23
22
22
21
21
20
19
19
18
18
17
16
16
16
15
14
14
13
12
12
12
11
10
9
8
8
8
7
6
6
6
6
5
4
4
3
3
3
2
2
2
1
0
0
45
44
43
42
41
40
39
38
37
36
35
34
33
33
33
32
31
30
29
28
28
27
26
25
24
24
23
23
22
22
21
20
20
19
19
18
17
17
17
16
15
15
14
13
13
13
12
11
10
9
9
9
8
7
7
7
7
6
5
5
4
4
4
3
3
3
2
1
1
1
46
45
44
43
42
41
40
39
38
37
36
35
34
34
34
33
32
31
30
29
29
28
27
26
25
25
24
24
23
23
22
21
21
20
20
19
18
18
18
17
16
16
15
14
14
14
13
12
11
10
10
10
9
8
8
8
8
7
6
6
5
5
5
4
4
4
3
2
2
2
1
47
46
45
44
43
42
41
40
39
38
37
36
35
35
35
34
33
32
31
30
30
29
28
27
26
26
25
25
24
24
23
22
22
21
21
20
19
19
19
18
17
17
16
15
15
15
14
13
12
11
11
11
10
9
9
9
9
8
7
7
6
6
6
5
5
5
4
3
3
3
2
1
47
46
45
44
43
42
41
40
39
38
37
36
35
35
35
34
33
32
31
30
30
29
28
27
26
26
25
25
24
24
23
22
22
21
21
20
19
19
19
18
17
17
16
15
15
15
14
13
12
11
11
11
10
9
9
9
9
8
7
7
6
6
6
5
5
5
4
3
3
3
2
1
0
47
46
45
44
43
42
41
40
39
38
37
36
35
35
35
34
33
32
31
30
30
29
28
27
26
26
25
25
24
24
23
22
22
21
21
20
19
19
19
18
17
17
16
15
15
15
14
13
12
11
11
11
10
9
9
9
9
8
7
7
6
6
6
5
5
5
4
3
3
3
2
1
0
0
47
46
45
44
43
42
41
40
39
38
37
36
35
35
35
34
33
32
31
30
30
29
28
27
26
26
25
25
24
24
23
22
22
21
21
20
19
19
19
18
17
17
16
15
15
15
14
13
12
11
11
11
10
9
9
9
9
8
7
7
6
6
6
5
5
5
4
3
3
3
2
1
0
0
0
47
46
45
44
43
42
41
40
39
38
37
36
35
35
35
34
33
32
31
30
30
29
28
27
26
26
25
25
24
24
23
22
22
21
21
20
19
19
19
18
17
17
16
15
15
15
14
13
12
11
11
11
10
9
9
9
9
8
7
7
6
6
6
5
5
5
4
3
3
3
2
1
0
0
0
0
47
46
45
44
43
42
41
40
39
38
37
36
35
35
35
34
33
32
31
30
30
29
28
27
26
26
25
25
24
24
23
22
22
21
21
20
19
19
19
18
17
17
16
15
15
15
14
13
12
11
11
11
10
9
9
9
9
8
7
7
6
6
6
5
5
5
4
3
3
3
2
1
0
0
0
0
0
48
47
46
45
44
43
42
41
40
39
38
37
36
36
36
35
34
33
32
31
31
30
29
28
27
27
26
26
25
25
24
23
23
22
22
21
20
20
20
19
18
18
17
16
16
16
15
14
13
12
12
12
11
10
10
10
10
9
8
8
7
7
7
6
6
6
5
4
4
4
3
2
1
1
1
1
1
1
49
48
47
46
45
44
43
42
41
40
39
38
37
37
37
36
35
34
33
32
32
31
30
29
28
28
27
27
26
26
25
24
24
23
23
22
21
21
21
20
19
19
18
17
17
17
16
15
14
13
13
13
12
11
11
11
11
10
9
9
8
8
8
7
7
7
6
5
5
5
4
3
2
2
2
2
2
2
1
50
49
48
47
46
45
44
43
42
41
40
39
38
38
38
37
36
35
34
33
33
32
31
30
29
29
28
28
27
27
26
25
25
24
24
23
22
22
22
21
20
20
19
18
18
18
17
16
15
14
14
14
13
12
12
12
12
11
10
10
9
9
9
8
8
8
7
6
6
6
5
4
3
3
3
3
3
3
2
1
51
50
49
48
47
46
45
44
43
42
41
40
39
39
39
38
37
36
35
34
34
33
32
31
30
30
29
29
28
28
27
26
26
25
25
24
23
23
23
22
21
21
20
19
19
19
18
17
16
15
15
15
14
13
13
13
13
12
11
11
10
10
10
9
9
9
8
7
7
7
6
5
4
4
4
4
4
4
3
2
1
52
51
50
49
48
47
46
45
44
43
42
41
40
40
40
39
38
37
36
35
35
34
33
32
31
31
30
30
29
29
28
27
27
26
26
25
24
24
24
23
22
22
21
20
20
20
19
18
17
16
16
16
15
14
14
14
14
13
12
12
11
11
11
10
10
10
9
8
8
8
7
6
5
5
5
5
5
5
4
3
2
1
52
51
50
49
48
47
46
45
44
43
42
41
40
40
40
39
38
37
36
35
35
34
33
32
31
31
30
30
29
29
28
27
27
26
26
25
24
24
24
23
22
22
21
20
20
20
19
18
17
16
16
16
15
14
14
14
14
13
12
12
11
11
11
10
10
10
9
8
8
8
7
6
5
5
5
5
5
5
4
3
2
1
0
52
51
50
49
48
47
46
45
44
43
42
41
40
40
40
39
38
37
36
35
35
34
33
32
31
31
30
30
29
29
28
27
27
26
26
25
24
24
24
23
22
22
21
20
20
20
19
18
17
16
16
16
15
14
14
14
14
13
12
12
11
11
11
10
10
10
9
8
8
8
7
6
5
5
5
5
5
5
4
3
2
1
0
0
52
51
50
49
48
47
46
45
44
43
42
41
40
40
40
39
38
37
36
35
35
34
33
32
31
31
30
30
29
29
28
27
27
26
26
25
24
24
24
23
22
22
21
20
20
20
19
18
17
16
16
16
15
14
14
14
14
13
12
12
11
11
11
10
10
10
9
8
8
8
7
6
5
5
5
5
5
5
4
3
2
1
0
0
0
52
51
50
49
48
47
46
45
44
43
42
41
40
40
40
39
38
37
36
35
35
34
33
32
31
31
30
30
29
29
28
27
27
26
26
25
24
24
24
23
22
22
21
20
20
20
19
18
17
16
16
16
15
14
14
14
14
13
12
12
11
11
11
10
10
10
9
8
8
8
7
6
5
5
5
5
5
5
4
3
2
1
0
0
0
0
53
52
51
50
49
48
47
46
45
44
43
42
41
41
41
40
39
38
37
36
36
35
34
33
32
32
31
31
30
30
29
28
28
27
27
26
25
25
25
24
23
23
22
21
21
21
20
19
18
17
17
17
16
15
15
15
15
14
13
13
12
12
12
11
11
11
10
9
9
9
8
7
6
6
6
6
6
6
5
4
3
2
1
1
1
1
1
54
53
52
51
50
49
48
47
46
45
44
43
42
42
42
41
40
39
38
37
37
36
35
34
33
33
32
32
31
31
30
29
29
28
28
27
26
26
26
25
24
24
23
22
22
22
21
20
19
18
18
18
17
16
16
16
16
15
14
14
13
13
13
12
12
12
11
10
10
10
9
8
7
7
7
7
7
7
6
5
4
3
2
2
2
2
2
1
54
53
52
51
50
49
48
47
46
45
44
43
42
42
42
41
40
39
38
37
37
36
35
34
33
33
32
32
31
31
30
29
29
28
28
27
26
26
26
25
24
24
23
22
22
22
21
20
19
18
18
18
17
16
16
16
16
15
14
14
13
13
13
12
12
12
11
10
10
10
9
8
7
7
7
7
7
7
6
5
4
3
2
2
2
2
2
1
0
54
53
52
51
50
49
48
47
46
45
44
43
42
42
42
41
40
39
38
37
37
36
35
34
33
33
32
32
31
31
30
29
29
28
28
27
26
26
26
25
24
24
23
22
22
22
21
20
19
18
18
18
17
16
16
16
16
15
14
14
13
13
13
12
12
12
11
10
10
10
9
8
7
7
7
7
7
7
6
5
4
3
2
2
2
2
2
1
0
0
54
53
52
51
50
49
48
47
46
45
44
43
42
42
42
41
40
39
38
37
37
36
35
34
33
33
32
32
31
31
30
29
29
28
28
27
26
26
26
25
24
24
23
22
22
22
21
20
19
18
18
18
17
16
16
16
16
15
14
14
13
13
13
12
12
12
11
10
10
10
9
8
7
7
7
7
7
7
6
5
4
3
2
2
2
2
2
1
0
0
0
54
53
52
51
50
49
48
47
46
45
44
43
42
42
42
41
40
39
38
37
37
36
35
34
33
33
32
32
31
31
30
29
29
28
28
27
26
26
26
25
24
24
23
22
22
22
21
20
19
18
18
18
17
16
16
16
16
15
14
14
13
13
13
12
12
12
11
10
10
10
9
8
7
7
7
7
7
7
6
5
4
3
2
2
2
2
2
1
0
0
0
0
54
53
52
51
50
49
48
47
46
45
44
43
42
42
42
41
40
39
38
37
37
36
35
34
33
33
32
32
31
31
30
29
29
28
28
27
26
26
26
25
24
24
23
22
22
22
21
20
19
18
18
18
17
16
16
16
16
15
14
14
13
13
13
12
12
12
11
10
10
10
9
8
7
7
7
7
7
7
6
5
4
3
2
2
2
2
2
1
0
0
0
0
0
54
53
52
51
50
49
48
47
46
45
44
43
42
42
42
41
40
39
38
37
37
36
35
34
33
33
32
32
31
31
30
29
29
28
28
27
26
26
26
25
24
24
23
22
22
22
21
20
19
18
18
18
17
16
16
16
16
15
14
14
13
13
13
12
12
12
11
10
10
10
9
8
7
7
7
7
7
7
6
5
4
3
2
2
2
2
2
1
0
0
0
0
0
0
55
54
53
52
51
50
49
48
47
46
45
44
43
43
43
42
41
40
39
38
38
37
36
35
34
34
33
33
32
32
31
30
30
29
29
28
27
27
27
26
25
25
24
23
23
23
22
21
20
19
19
19
18
17
17
17
17
16
15
15
14
14
14
13
13
13
12
11
11
11
10
9
8
8
8
8
8
8
7
6
5
4
3
3
3
3
3
2
1
1
1
1
1
1
1
56
55
54
53
52
51
50
49
48
47
46
45
44
44
44
43
42
41
40
39
39
38
37
36
35
35
34
34
33
33
32
31
31
30
30
29
28
28
28
27
26
26
25
24
24
24
23
22
21
20
20
20
19
18
18
18
18
17
16
16
15
15
15
14
14
14
13
12
12
12
11
10
9
9
9
9
9
9
8
7
6
5
4
4
4
4
4
3
2
2
2
2
2
2
2
1
56
55
54
53
52
51
50
49
48
47
46
45
44
44
44
43
42
41
40
39
39
38
37
36
35
35
34
34
33
33
32
31
31
30
30
29
28
28
28
27
26
26
25
24
24
24
23
22
21
20
20
20
19
18
18
18
18
17
16
16
15
15
15
14
14
14
13
12
12
12
11
10
9
9
9
9
9
9
8
7
6
5
4
4
4
4
4
3
2
2
2
2
2
2
2
1
0
56
55
54
53
52
51
50
49
48
47
46
45
44
44
44
43
42
41
40
39
39
38
37
36
35
35
34
34
33
33
32
31
31
30
30
29
28
28
28
27
26
26
25
24
24
24
23
22
21
20
20
20
19
18
18
18
18
17
16
16
15
15
15
14
14
14
13
12
12
12
11
10
9
9
9
9
9
9
8
7
6
5
4
4
4
4
4
3
2
2
2
2
2
2
2
1
0
0
57
56
55
54
53
52
51
50
49
48
47
46
45
45
45
44
43
42
41
40
40
39
38
37
36
36
35
35
34
34
33
32
32
31
31
30
29
29
29
28
27
27
26
25
25
25
24
23
22
21
21
21
20
19
19
19
19
18
17
17
16
16
16
15
15
15
14
13
13
13
12
11
10
10
10
10
10
10
9
8
7
6
5
5
5
5
5
4
3
3
3
3
3
3
3
2
1
1
1
846027
843552
841310
839136
837004
834914
832784
830730
828660
826625
824630
822627
820658
818686
816717
814762
812786
810832
808903
806919
805022
803066
801132
799175
797299
795366
793539
791611
789734
787888
786020
784127
782194
780279
778486
776639
774777
772898
771054
769254
767386
765543
763684
761844
759979
758125
756305
754448
752612
750780
748929
747150
745330
743495
741701
739914
738105
736308
734521
732699
730910
729087
727295
725501
723729
721875
720062
718297
716537
714769
713026
711206
709430
707614
705823
704088
702305
700521
698770
696948
695157
693428
691650
689848
688061
686323
684593
682811
681021
679259
677535
675714
673976
672184
670430
668684
666957
665256
663493
661726
659979
658229
656526
654792
653075
651292
649569
647867
646104
644353
642624
640836
639088
637359
635638
633947
632233
630429
628718
626985
625304
623635
621821
620123
618442
616693
614950
613213
611479
609729
608023
606265
604487
602758
601073
599393
597693
595983
594274
592589
590812
589102
587383
585658
583914
582205
580500
578761
577037
575288
573557
571867
570127
568412
566739
565050
563401
561711
559967
558263
556606
554947
553287
551591
549894
548143
546452
544719
542999
541337
539624
537925
536249
534534
532847
531136
529445
527773
526025
524325
522634
520962
519279
517548
515839
514137
512411
510738
509040
507349
505696
504013
502330
500666
498998
497282
495628
493965
492274
490630
488885
487181
485493
483783
482104
480440
478776
477140
475514
473781
472118
470419
468788
467100
465477
463801
462117
460453
458789
457085
455441
453738
452102
450478
448816
447129
445434
443794
442093
440471
438815
437135
435516
433864
432220
430621
428919
427205
425545
423828
422202
420599
418972
417260
415631
413986
412315
410659
409044
407345
405714
404071
402410
400727
399020
397330
395696
394033
392343
390633
388948
387326
385682
383999
382325
380666
379006
377386
375768
374108
372468
370853
369208
367623
366002
364391
362734
361087
359427
357748
356072
354377
352672
351028
349333
347650
346055
344415
342822
341187
339562
337884
336259
334615
332925
331335
329660
327995
326359
324669
322998
321386
319785
318146
316520
314822
313166
311553
309887
308225
306605
304990
303351
301738
300095
298457
296834
295190
293527
291904
290219
288592
286975
285370
283702
282091
280445
278792
277191
275539
273937
272294
270667
269023
267422
265775
264164
262536
260901
259316
257672
256013
254393
252750
251104
249433
247829
246266
244686
243123
241488
239847
238253
236692
235089
233482
231846
230194
228592
226995
225393
223707
222062
220389
218773
217149
215524
213879
212222
210622
208960
207343
205675
204012
202397
200774
199163
197568
195963
194367
192788
191164
189578
187927
186316
184692
183059
181423
179839
178218
176537
174913
173291
171659
170092
168416
166815
165232
163641
162015
160401
158738
157117
155482
153829
152179
150548
148913
147326
145734
144136
142518
140928
139358
137751
136143
134556
132905
131295
129705
128086
126447
124845
123249
121687
120024
118401
116830
115232
113669
112073
110434
108790
107236
105591
104027
102461
100837
99240
97611
96052
94451
92796
91196
89565
87999
86342
84701
83106
81429
79849
78272
76671
75079
73459
71831
70213
68593
66961
65430
63845
62214
60630
59015
57443
55843
54321
52690
51074
49468
47902
46311
44677
43076
41420
39826
38221
36580
35000
33445
31861
30323
28723
27167
25581
23994
22345
20724
19159
17564
15957
14356
12766
11199
9605
7978
6418
4780
3122
1595
1
58990
379795
45077
546472
533131
137077
506449
117166
75408
136692
21858
571376
396492
67937
204209
39857
260289
222090
137180
35439
405437
346560
140
68842
39508
629040
48172
205524
296093
553623
47598
57298
35204
277583
213108
16000
519215
438287
494561
55713
145190
239360
239257
147289
293967
184474
227577
355379
53112
77817
691882
212653
94657
765084
485135
482743
53614
136735
4509
633518
654649
100988
125650
136512
126431
150980
171861
571579
226742
302761
233088
352430
60565
187074
273228
142121
262403
413701
532983
248921
698978
24792
169861
52622
557811
225881
322983
440506
310738
79845
245857
19334
512442
55154
100705
67972
169848
469581
38161
295989
93460
670070
118529
555294
388061
67919
167853
161890
336545
558880
444758
193983
235324
329424
305221
388921
279000
60349
35870
232021
54210
14002
370743
96188
21332
232033
379636
267416
242277
339361
62708
99909
64493
378743
587911
75613
530657
346870
28174
64780
182281
295378
215367
616824
539810
402047
363863
50555
260187
99317
526258
486984
138161
156576
332142
211932
11827
80080
399733
159246
82995
105298
137350
511327
13379
62241
517063
272088
46513
222458
582928
218207
626221
392400
145
408012
302785
389622
99783
49276
276066
576044
291654
659765
205433
184320
166657
2576
416097
340793
333441
509231
113434
29398
188192
132860
310529
343647
107198
7262
445244
518322
81208
263470
139438
666786
404448
214429
733995
300315
596677
306707
210566
741811
61463
207744
261783
539470
454683
161483
32196
690414
446336
343046
699999
441510
680431
380148
356385
223712
205256
223162
362034
274573
3559
191864
50351
72729
314452
346024
282133
525295
367354
178820
34184
552554
193733
406677
144850
425255
284297
67001
2515
88621
658238
250165
454729
452204
520085
313611
284527
222592
260426
287950
11038
438828
401917
312367
280204
225256
201410
85974
634606
519399
229250
102554
315830
413330
364043
398963
780193
316350
107632
517028
88531
195363
734565
201181
145724
448752
575560
253386
287080
212608
28363
291695
39451
196218
113661
374982
421161
541295
529016
501245
503061
360518
512977
205728
543557
122165
377321
135561
123444
317450
504568
193575
61092
393530
353340
66861
208617
640652
335724
152670
107032
220789
226694
17274
132900
426394
426322
236607
77744
9322
268318
131820
252392
586557
108713
173682
380646
82750
137068
184729
616030
192409
34726
687631
363934
62070
448520
111778
28807
108567
771140
276880
230130
238288
393512
163161
69553
84127
226255
649618
461137
368226
531592
322913
574134
404101
129983
27966
745906
282231
367227
242809
58982
345070
653772
542626
239630
255947
403101
374378
630443
513386
230473
63918
170537
121956
27419
52506
633889
278270
430821
48163
100410
249718
210744
131482
606192
198549
536322
43036
29487
423183
193144
453350
648790
129042
286599
206806
363030
501612
208144
237541
127087
291048
225161
305270
505402
383683
537239
57584
140278
443800
575883
252890
782325
19849
42089
586792
588031
405088
47549
714761
355412
259294
129650
176937
502425
217929
220016
556736
70332
250689
442034
700681
674055
286707
34104
104481
292009
351493
213573
62881
309876
328712
417719
698753
43210
404704
222710
180034
800221
130204
15920
53178
694463
118724
333760
12401
79277
89648
71430
103776
37961
252245
276323
478456
103862
198463
339576
79120
186871
36460
205512
573241
221512
319146
163591
232542
446005
240555
533060
60916
61169
96662
338185
59450
4071
761411
708788
163556
140305
213791
373597
239137
67304
209289
266402
554622
467778
175327
286719
193271
175708
217432
119267
499806
415764
97890
28920
110362
43990
74553
102538
51971
161593
414636
35741
178788
240018
233779
422885
27600
268816
104539
177782
560351
181678
676587
383651
34274
75552
739601
514541
289698
102084
208785
359617
311058
63967
383111
327869
204635
301200
310824
622065
339994
554172
647242
292085
374986
282708
188370
388764
151332
44971
212721
84827
119331
668959
299727
205374
44924
442134
99944
402034
222719
324886
178084
291059
204953
400133
529793
60592
434270
110443
214950
81752
550023
5376
547115
176827
689932
310022
112529
150333
8524
248700
366865
520573
14325
187843
362254
231983
239667
237862
416131
589451
526641
342419
522546
97833
95812
605440
59491
227762
524516
60747
323348
339182
517127
197572
44115
69532
439954
552160
107314
186616
635743
134540
592609
9437
644600
19214
785270
391345
53235
300862
136928
345997
33373
388569
219634
628358
150557
663158
366425
146379
216371
70622
791866
8441
369334
174080
288976
316682
247350
346966
410403
520150
704372
187978
47111
184474
508889
1754
82254
380497
462048
219688
611516
655058
56440
208746
451563
397359
29720
139294
327534
232548
78078
66236
157706
611331
282077
204510
242078
233454
41919
484415
168531
345660
248253
420579
36129
407886
60472
373145
139707
773385
5696
45479
513734
736570
537704
238981
558062
382399
237439
87814
48018
42568
127136
103422
131741
276552
48834
34211
117498
495099
554638
92454
743721
430536
778645
773769
710486
223583
31539
293812
3764
119367
98841
58221
363781
172136
115270
339044
547610
127009
750512
419362
161780
534033
122112
547946
350115
241754
498697
272383
199976
501290
298315
402818
284616
203583
409291
102525
83815
413226
352249
442954
477372
310994
421007
221577
578534
235859
513908
370544
245888
285119
41141
420519
144354
585862
536426
51738
309619
236964
149671
463980
427793
265570
188989
102965
293557
291163
231950
78838
351844
188969
127618
151703
106124
94342
21265
462629
264764
212486
103159
28485
127982
189638
371859
64296
485330
338182
619535
202495
784287
132073
77281
14813
222175
75396
377175
698702
300188
527997
189433
514941
508011
19612
433001
263876
493782
573511
234996
160830
663371
651065
323906
787015
389178
47014
86524
366650
33361
134444
565763
339885
23448
496883
338925
488504
69938
246917
467412
62769
589699
508248
330141
31896
349962
37538
496682
85857
27643
542468
643141
59040
377003
156812
604982
562255
1
17213
55449
512957
30439
71672
291319
484913
150211
209470
446410
236126
734855
573755
342217
164892
145278
112483
726311
21822
320829
484958
267417
7727
672369
130308
460159
455410
133475
537141
382308
137007
26365
357348
171121
513856
171081
301180
207705
239087
98960
192884
299648
296210
705078
84717
296481
490581
420141
285148
49589
185429
567163
206842
444594
338264
519378
481588
125373
131641
176678
668611
633591
279951
403324
48482
85583
533712
119843
180915
56299
44041
194737
576437
6881
408778
471145
289479
207308
608740
434267
557800
213229
9082
585955
62231
350014
327479
326530
158500
94354
255480
96238
310880
288312
257908
99382
166558
37031
98549
8472
83643
599690
139142
445861
432697
382556
290847
168607
549844
203340
125536
367633
28098
364670
414446
202777
757191
91599
58619
182758
279420
203539
154603
87082
377951
122031
214059
93078
3726
133296
728160
126605
669395
12443
72348
489850
71718
469311
246106
275245
232658
384588
24884
381310
268153
198948
439596
7811
17285
34247
177022
316066
74000
16204
119922
78167
499177
380906
331020
431837
189990
219576
258270
95975
145029
154649
73764
188995
207782
600500
33897
436338
78590
26160
306957
160277
246031
621742
128809
239418
223491
526116
32337
224489
13988
446307
763485
122552
9322
5376
677897
407453
115222
138083
129197
435274
571777
405158
284231
85831
13774
286346
272941
715529
594744
240020
671276
447227
582370
259679
176061
305379
759998
336729
364890
96753
44721
252734
678559
279673
328620
344186
570587
7257
289939
160170
212759
308408
201337
658026
96273
250418
421855
396387
279103
500452
471851
505973
700879
393814
688467
670920
127272
57492
301405
353404
34858
451671
483455
10453
251520
261734
340896
161264
447133
271697
528340
462566
237802
249384
619922
397488
293892
197399
605006
350198
114087
273723
346280
277065
107075
39340
258298
538723
92492
295006
700549
71754
729811
74057
44716
146984
51151
122464
480703
170330
348204
135603
3818
64464
72730
533866
590293
723364
352475
534683
104786
680549
40868
141593
112832
359748
18923
185922
84309
160787
49546
112324
525584
294841
103164
117603
399064
177843
186173
46642
263797
106961
59755
520652
339341
655805
553772
273550
431928
56714
384711
541560
720216
14771
177322
462112
687004
687280
231099
382800
266840
149709
383570
93788
117926
413056
106827
422746
557932
478492
317913
14291
307933
486182
302704
402426
24114
359079
140324
381255
158226
409865
321252
188716
314154
42726
35456
526955
378637
120372
543465
191809
236268
386601
24846
504832
363606
127907
678182
101018
724916
173964
807241
37153
283611
48627
626722
202645
100249
473245
58802
220861
435547
404119
89825
158936
484592
620068
27681
337429
269502
152486
48880
433020
425401
419492
77072
704777
150550
467073
565648
203817
213241
46189
478855
331730
107955
42951
168878
564778
473392
77631
255888
263233
14319
147837
205696
383665
75999
178685
585326
697306
201776
391816
442078
252056
69679
447248
617114
306816
517402
752772
438746
574386
353574
161959
345334
507658
92302
229203
6514
94078
424030
2454
315295
73296
93209
310675
357320
2413
359934
358720
526906
33246
143514
404721
349961
532296
74047
399749
87034
174576
558849
348506
119161
611990
105936
70174
12765
136795
497806
487689
361842
154372
120426
20435
344251
19469
260881
453986
519467
116912
554
307527
62355
385751
155996
68864
42528
310480
261768
284955
500350
234328
259919
337703
322524
52876
236397
176804
110835
227186
269322
171200
28922
394001
74146
48522
499690
750200
29381
227652
462146
272680
91250
184090
237996
529757
204819
182706
170555
306745
140279
182805
26993
545217
64105
307841
153566
171291
127419
12441
15442
198889
196669
373828
391660
359208
57955
384363
438164
384867
416438
800263
72673
321997
404426
292214
283742
493898
117960
707548
353652
280488
69634
421778
434691
330443
79760
607824
349858
117487
442167
338280
227770
431548
18102
422005
683111
67548
316329
381444
154066
141380
92934
231361
159369
414711
100128
364206
143426
620407
185435
332573
58712
250919
4663
248108
462996
95415
242273
277489
214315
200621
89585
550887
649431
45199
23141
131184
9481
624597
51441
473451
412820
57634
214904
456773
137582
211222
577700
700547
73226
167950
108529
244797
367889
114401
219532
435233
57053
545541
520223
184539
271234
313371
445818
273529
433576
59260
533048
247932
371937
380934
149177
21842
298611
465029
399334
144801
74495
571966
320860
319178
381529
143496
67900
465141
324296
125960
133009
470461
120542
460959
226334
139356
89735
137906
314650
108609
30815
133859
787757
465884
106
106713
471635
15695
270268
288817
77479
202501
114837
316692
29721
13423
58190
618500
92291
174451
493816
668729
399339
677
6202
229388
627299
242662
256888
215781
492982
43873
97390
247691
602752
90574
479189
767091
84622
106535
34676
67939
639229
57658
65136
395793
24115
293306
481874
50483
137342
691814
337023
518241
736542
108315
396744
603237
223209
118321
228372
5278
218062
186636
246329
263414
3637
376922
88550
9984
92239
328006
373547
259321
587807
62269
33246
12687
169054
363505
159551
293082
23832
272228
300033
194561
360978
344150
613799
455087
7746
793005
300401
372249
255815
433776
415298
220804
3149
332602
145008
105394
345074
101739
142461
483286
15631
528394
148804
50364
380488
130510
186376
32131
383941
477999
33007
119032
344221
234449
208281
212958
400963
237547
213494
526269
235169
102498
224828
214161
111192
729391
116439
771099
352114
728891
675265
61183
218661
171139
97048
321556
464235
589990
144211
44377
523067
401143
39401
191679
513346
366569
254248
316470
500537
520728
109368
666101
598437
348082
198972
590637
99888
443307
214590
93515
197245
151158
180356
574152
456020
117571
7098
366300
68636
84015
580475
110055
360778
609095
579495
410371
495923
337102
25625
588044
505392
55009
351447
721627
717238
321466
242386
668848
474302
67967
61948
98091
329525
4571
369908
103498
166313
768667
248319
86006
203257
91540
74100
250237
194791
174261
287157
114946
233857
81810
807899
156506
96027
481398
568845
398065
92810
562934
271765
229300
495723
735514
437191
217368
367887
47299
225634
762743
151325
241009
49618
464750
354202
435194
824218
689946
74646
743290
265135
357750
303601
360423
408772
19081
612235
399697
23058
489301
332200
564220
57489
325688
165168
90355
332955
303064
292504
375469
93424
242610
252657
388865
89294
466529
11661
138560
50612
59079
298330
33192
237350
554349
613136
39403
553875
395829
330777
168754
52734
237333
102199
652725
17545
177674
189681
485529
578355
310438
338074
373347
289785
39287
283872
51719
465455
438049
55542
316955
248722
71035
13004
57263
145496
254061
468522
585831
184610
504643
674104
356835
256911
742198
515295
156543
240319
194899
393061
233473
597001
208024
100019
96155
493372
93244
618938
268958
315481
252563
423725
340019
283513
364936
128463
38992
121231
108452
275558
399647
206242
37521
66399
52944
152411
3347
446276
434254
255553
70184
373746
24032
106978
582752
320423
14142
89440
182631
8552
434775
196343
543323
437577
474288
159735
567691
408028
13825
161530
450635
7324
295412
505230
275611
6420
184720
57424
47371
295933
163254
547103
505069
586641
17801
274188
306591
247726
445927
570098
737909
354961
30725
484318
135271
181902
85255
376011
24516
261305
456489
42942
80423
193594
303583
577746
9541
29057
366197
665072
74324
5050
173182
587050
803357
147267
169892
88744
67857
427664
330184
492883
143241
66303
709444
225225
180735
218090
41490
745079
104349
226041
249423
236355
419573
280380
73588
135399
231944
554862
598752
112859
299535
1301
77309
518417
777151
672473
264769
702210
21784
150029
566696
538236
110390
143057
487562
95296
382256
573698
317599
163997
392547
19486
173197
105810
539798
455821
145147
293469
702862
227992
3023
126669
73349
144003
238258
555007
351803
94886
268123
20481
401486
270409
67654
316613
285807
92840
98982
250408
80891
645574
169918
3942
184592
176916
167286
158354
540785
260709
110107
58532
298112
320988
202758
12078
84387
543212
555688
291548
205781
309053
334078
429079
606505
202546
59557
210718
718441
26927
181884
330136
270647
341376
251718
67257
519914
82609
128107
119036
671443
67635
116944
110661
171293
286192
476314
12621
12298
177795
146492
558366
317698
191852
66745
68525
400422
97244
193539
332008
474621
361675
642319
264614
22935
137904
495308
86821
589117
6305
200345
449063
6438
93571
292016
610238
506185
72971
143077
503319
166736
78564
750
141654
627980
252373
134643
29863
131581
737124
131425
668803
200585
4684
52593
227494
227361
620105
159667
55669
486087
568377
416046
236757
54043
81017
353152
280053
304527
549356
33279
111121
127626
39771
119288
159510
571734
244084
261725
311568
282766
645826
201030
564237
260303
341381
24694
637344
754344
54074
61787
347993
14466
375092
281638
226691
578628
38641
170871
81265
93156
118664
590353
742335
730588
287176
422721
44067
101846
3264
34883
350217
717038
504590
745367
156356
416845
94745
501424
42548
525056
189901
6275
161658
527958
43241
217991
489006
202665
210299
141556
556950
125357
226273
468623
522665
42075
250465
221468
383418
196186
305927
70480
563232
593641
549162
272716
319352
430388
62421
68958
126639
42642
18477
65559
87800
342464
402807
66098
109432
39529
2227
482854
527867
351787
4725
169702
30660
343987
677133
428186
81562
252139
81252
183938
667715
350436
210048
22549
120638
481878
201958
75526
20815
197035
1427
63799
72504
525788
283864
188283
186823
397796
118230
548152
409473
125164
641324
94488
37781
5145
182434
322840
406683
242839
185618
426054
116550
587436
393468
164761
78436
164170
170543
561999
263455
351387
634781
669522
79269
298136
157812
25943
305947
463787
540155
639944
356128
442790
444260
162720
114067
446901
283067
76227
477922
190348
617052
136494
666440
180128
48400
80601
365462
564511
158859
323472
145360
636797
204783
677207
82175
168307
222561
378439
336011
55074
761918
249105
12510
69484
348536
54201
387829
482906
314969
558114
354232
251833
260349
29172
365165
138549
126623
319055
593731
333819
140356
590618
408921
574844
118989
361720
4826
147844
473320
541946
124354
448233
107682
202768
97328
2844
330277
630093
488258
99720
562371
27355
232556
36190
565333
62346
237251
361670
214049
45291
10798
3560
601830
273275
527335
181101
357807
118531
98974
357933
273541
65759
87271
237904
287073
111226
109153
451910
31185
297752
194399
237338
293781
192193
117515
494548
379926
245096
96899
737871
407364
238864
156255
382256
179192
259971
16951
239511
501305
319554
60374
470586
256105
549526
18012
277820
661630
73433
480268
384939
227996
539814
346241
397763
367757
611932
562322
334050
15933
319248
68671
398965
42354
695203
41962
148881
509591
346768
136048
1038
261744
661220
244213
511213
172648
471870
554819
390569
148262
53606
172656
540453
167045
115657
104693
251043
263824
210347
603322
675082
317562
611600
68589
60367
390929
643920
633373
450111
334895
127351
314907
248980
255536
78538
176304
706115
47262
339142
99518
228511
672808
357095
170418
167038
87287
204261
302357
35030
476790
430982
93000
203327
62889
48291
26590
636111
54729
121341
149532
4056
184431
251933
361787
111615
383813
369199
1
289081
114403
122261
310043
625592
492821
59159
119593
567841
277946
546485
333531
205706
3565
125559
114363
85296
274782
364388
152602
273029
255419
306294
225209
336579
545612
278250
128902
61807
303683
614574
84520
166301
290191
411614
478689
437736
374909
488039
229718
527515
461197
61366
346108
16169
2659
265782
621033
405550
191
619934
364846
288697
35468
640402
202496
388153
379285
144480
272405
318608
280803
284248
371859
228133
131340
290809
415131
62689
31383
344457
87405
735279
665372
425666
696889
201701
447499
36470
274711
679644
256519
46460
307609
93938
91104
58071
292648
256160
337582
422194
83688
198861
476531
322802
348280
243734
390757
372501
76450
742460
269804
139210
663038
506575
528361
268512
420784
189753
491380
701906
610306
592850
347986
64898
34813
270170
6447
112567
111149
146708
123392
493363
484
103433
474544
487188
238577
688199
375597
444502
92397
299762
16879
665000
277772
4312
27913
68730
98245
112928
660352
108726
193757
276990
657589
663802
310667
581476
502575
303920
531034
64204
32513
94276
168572
32042
189920
433601
9712
526433
89753
663025
125699
361469
31100
228030
322020
312550
604363
121173
18856
196417
458225
124405
215336
155114
37830
635371
397194
400836
15844
257875
525189
428736
440320
760124
116157
300182
479645
348543
168270
40913
142311
49807
400975
292488
12845
16576
194949
74840
87562
389722
144433
546163
398915
179065
193214
178425
47129
345700
72439
383725
330740
381578
191488
97217
746013
305742
305491
484049
232374
213125
100617
103201
362894
166330
471320
580265
169829
648805
372115
389153
226405
305571
153122
216420
440152
441076
134603
192659
144474
87386
188440
12492
117927
206892
744766
235012
142762
297020
42280
471655
408225
467585
255911
473310
245168
359276
601525
468072
453388
152548
119764
20231
483609
164922
269087
82611
257050
315233
194007
472933
45339
324938
11550
467667
76910
305602
4600
7154
35535
244863
654585
370318
258203
157013
655650
60816
199052
753446
310747
243160
182063
608039
818114
658331
28752
495780
228469
307062
543463
119920
202599
18455
54625
19965
141509
524407
69122
123373
403479
114388
50876
148092
531908
9370
110976
382539
77862
495310
250368
262468
532357
670864
40145
150872
167053
308546
730580
146786
149654
512435
625080
242613
192604
638941
167646
43729
308122
432187
67567
130579
280500
455563
514154
169330
422184
262421
461766
303665
252673
88294
25684
581090
205781
341780
18061
723283
136651
33136
137810
109870
271765
583276
193302
528360
507660
661419
428236
182903
513427
365828
196476
256732
688036
467753
112899
235798
315372
188143
168261
388766
490159
89439
243214
208495
671686
106373
83502
212514
103884
567240
661978
452026
117822
523361
266675
182927
290469
289889
249276
213756
604668
347672
564205
386207
245703
415799
12723
611724
124685
799833
59194
306201
211450
254292
726996
71381
177451
63540
585531
142040
110320
285102
728834
612996
67935
568910
38120
166057
7026
196577
9830
152997
677478
426664
308007
151872
248688
3146
159224
166955
293019
642585
108612
438557
189448
447143
316316
472497
215105
187649
784042
57921
230044
277080
33111
494452
314967
227479
69225
485129
506166
198599
219832
71976
66923
131106
229658
91075
175974
57170
135489
103372
123909
193882
70297
140726
265017
80691
81796
59108
451483
722237
475175
248307
