93 96
24 60
68 117
14 53
93 125
94 99
49 80
19 56
20 67
5 31
13 13
62 74
61 85
41 61
43 61
11 43
74 107
22 62
87 119
32 60
18 42
86 99
7 10
55 80
53 59
4 18
10 22
28 48
40 58
92 123
88 89
65 75
88 123
3 24
69 102
54 89
59 95
100 114
43 44
91 133
62 105
9 27
59 94
90 135
57 87
28 70
83 124
54 74
78 83
93 138
90 135
32 77
33 62
61 84
34 83
19 61
94 120
63 63
16 17
99 118
34 60
13 28
19 35
87 133
23 52
43 53
26 50
9 17
7 24
35 72
70 70
32 44
81 124
16 59
98 110
64 92
90 116
48 55
44 75
5 20
62 109
27 64
23 56
47 75
54 82
17 39
82 129
38 47
94 95
6 45
17 36
71 76
47 62
66 105
49 67
56 65
67 99
50 88
19 64
18 39
25 58
95 101
83 114
69 94
34 56
16 65
93 129
8 46
53 74
29 29
41 74
12 18
67 77
48 80
58 72
57 88
99 99
89 119
84 89
58 74
29 51
68 88
60 82
60 72
97 134
14 50
72 96
44 82
73751 167651
46862 60318
105222 148522
100545 215056
122418 167413
9373 57939
52564 136668
24714 46735
824 10280
22290 32021
82360 152673
17571 47114
99651 195159
15631 100604
37493 145935
1879 59757
98992 207126
71586 153248
65900 162546
112691 214340
108701 172030
1221 15621
1967 113873
62244 149195
22551 140505
92630 214836
17065 96039
6085 90747
76430 173405
41066 157347
78994 93117
66635 124006
17088 69672
3241 50270
8517 131442
94526 113477
2089 38889
96127 197334
23226 121338
24214 73901
78485 143847
73790 123831
75134 175709
121968 212623
70023 95680
127966 137651
47572 137860
123769 141466
72441 193451
22917 33873
90999 96356
30200 76983
56374 146087
9845 23595
30895 148791
52383 130772
89869 168996
69839 125578
127042 189399
63056 112960
98409 149387
74358 174998
23263 77945
24375 144271
60147 143640
78241 196149
50224 132910
121606 127117
90223 180450
126858 206013
58593 85192
119891 148931
46128 59878
32380 101729
48207 90016
45828 100456
110298 225859
89367 186723
83044 180802
84903 128901
40680 94158
32135 161416
25200 41464
81458 198483
70217 179926
33405 98673
5914 109639
73535 201855
43936 44468
36303 160328
3771 125927
89758 101205
97007 110032
130269 134738
48065 101544
109658 128659
9308 140187
25260 97607
52424 137696
28695 120048
129461 219814
17807 73332
69424 74950
32383 145662
66340 155331
51804 87947
69723 74600
119023 234230
91604 128422
69616 98434
52938 164870
87119 135356
93661 102704
106415 231201
29242 121310
13381 129550
112215 142119
72126 117323
37778 74965
94795 223276
117518 175701
108874 187897
38069 65958
27751 74408
64685 135045
90934 190384
99149 127360
59310 72502
0

