20
6 20
15 20 2 1 16 15 9 20 16 7 14 1 15 6 7 20
42 16 20 7 6 4 10 5 11 6 3 4 19 19 17 18 19 10 10 6 16 19 5 11 17 19 4 11 16 10 10 14 6 1 20 3 5 1 7 15 6 2 10
11 20 6 13 18 16 3 4 11 13 20 14
1 10
23 11 18 6 1 11 3 13 3 17 9 3 4 15 1 17 4 16 16 10 9 6 17 11
26 19 15 20 12 3 10 8 5 19 6 5 9 20 18 3 17 18 18 20 13 18 16 16 13 3 17
10 22
15 3 14 12 15 8 13 19 21 9 18 21 12 22 5 13
27 14 11 9 15 4 7 20 9 16 6 6 15 11 15 15 11 5 4 2 12 15 20 10 1 13 8 10
30 10 20 7 21 9 13 13 10 17 10 17 11 16 20 1 2 12 13 12 14 15 13 3 7 9 10 5 19 15 12
18 1 9 12 21 15 2 10 3 19 17 17 5 10 14 5 9 3 15
21 15 7 9 17 13 15 3 15 12 15 4 16 15 13 5 12 5 7 21 5 1
38 21 3 1 12 5 7 13 19 3 5 4 12 19 14 2 21 7 13 12 10 7 4 20 11 15 1 15 11 5 13 2 4 15 22 13 19 6 3
24 9 7 17 18 2 8 19 20 14 10 9 22 14 13 19 22 3 19 13 14 2 3 13 3
36 12 15 12 17 16 3 3 20 19 18 21 5 15 19 16 2 5 15 13 15 10 12 18 4 2 7 3 3 19 5 18 6 18 7 22 11
26 1 8 4 18 7 8 10 1 22 9 5 12 19 18 21 9 13 3 8 17 5 8 11 8 3 16
42 8 13 11 15 13 16 18 7 20 2 14 20 1 1 1 12 19 18 9 3 6 11 9 22 13 16 10 20 19 1 20 2 13 6 16 2 22 11 8 19 10 21
6 10
3 1 6 2
21 8 6 7 8 8 4 2 10 9 8 4 1 1 7 5 1 2 4 10 2 3
41 6 10 2 7 4 4 2 5 3 9 1 1 8 10 4 10 1 4 9 4 4 9 10 1 9 3 4 10 5 7 2 2 8 3 8 1 9 10 8 1 10
39 4 8 9 7 9 10 1 7 5 6 5 7 6 4 1 10 5 5 8 6 6 7 1 4 7 9 5 6 9 4 5 2 3 6 1 1 7 1 7
46 6 4 9 4 7 2 3 1 6 2 9 4 8 9 9 6 7 5 2 7 10 6 1 3 3 1 5 9 3 4 2 10 7 2 3 5 3 7 7 1 10 5 6 7 3 4
38 1 10 6 10 9 3 10 1 6 2 8 4 6 1 7 5 7 9 10 1 3 8 7 3 8 4 8 4 8 3 8 9 2 5 10 3 8 1
8 18
41 18 12 7 6 5 1 10 1 14 16 11 18 9 2 13 6 5 10 7 14 8 17 11 4 4 9 13 6 16 5 15 13 15 3 1 1 4 10 17 15 6
32 12 12 8 6 15 11 14 3 4 3 2 14 4 5 3 17 11 16 1 5 10 15 8 10 13 9 18 11 3 3 2 15
37 7 18 10 17 13 12 2 13 11 14 15 16 16 11 6 11 11 10 2 6 15 10 18 5 7 9 8 9 8 2 4 14 1 11 11 12 2
27 4 13 5 16 10 18 8 13 8 17 4 10 4 17 17 1 3 5 9 8 11 16 9 14 10 8 4
19 17 5 11 2 17 14 16 6 11 5 18 1 1 2 10 2 18 6 3
14 10 9 8 2 5 16 13 14 3 14 15 1 18 5
6 15 18 16 2 11 18
14 9 17 17 16 18 14 3 18 13 10 7 2 9 11
8 19
14 13 7 17 17 11 2 2 2 7 6 5 2 18 15
35 10 10 19 5 5 4 5 3 8 4 19 3 9 4 10 1 16 13 17 13 4 19 11 3 3 16 4 4 12 18 7 2 8 6 3
3 6 8 11
36 8 7 12 17 10 2 17 4 14 15 16 14 11 5 13 13 17 16 13 9 11 19 11 15 2 10 4 7 14 12 16 3 18 8 16 6
18 13 9 16 5 2 10 12 6 1 2 4 13 11 12 5 10 19 16
18 7 1 11 1 9 4 3 4 11 15 9 16 9 14 12 10 13 19
2 18 19
48 18 12 12 8 13 18 4 10 4 10 7 14 8 15 18 7 15 6 3 5 19 8 15 8 17 8 7 13 4 3 14 2 12 3 9 2 17 10 8 1 19 14 12 4 6 7 11 2
6 25
8 20 12 8 24 22 7 9 20
49 2 9 14 3 15 14 16 19 18 22 6 11 24 2 14 19 15 13 14 10 15 18 5 3 2 5 24 10 13 20 1 14 3 15 18 19 5 11 15 24 9 22 9 7 23 24 2 12 11
12 23 25 9 4 2 11 8 3 20 23 24 23
21 4 14 6 24 18 16 13 16 24 9 1 7 8 25 11 21 12 25 19 12 11
6 15 23 7 19 17 4
2 16 16
7 14
49 14 11 3 1 6 6 3 11 14 3 4 14 2 7 13 7 1 3 5 10 7 11 7 3 10 9 1 6 4 4 10 2 12 12 2 4 2 2 12 1 4 1 12 4 5 10 10 6 11
47 13 3 8 5 3 1 12 4 7 13 5 2 14 14 11 13 3 12 1 12 10 2 10 7 5 1 1 1 4 11 10 2 11 2 4 14 2 13 1 8 12 5 7 11 2 2 10
12 13 10 14 7 9 10 11 14 10 11 12 11
34 7 12 2 8 13 1 8 12 1 13 7 3 6 3 4 7 10 6 3 3 6 9 12 13 4 11 6 14 6 2 5 12 11 4
28 9 4 11 4 2 9 10 4 12 11 5 2 6 11 5 9 14 11 4 12 14 12 3 12 3 2 14 14
34 3 1 6 4 11 8 5 4 3 8 13 11 10 1 3 6 5 9 3 13 10 14 11 7 14 8 9 1 5 6 10 7 7 14
32 1 7 14 4 7 5 3 4 14 3 4 4 5 12 6 1 7 4 11 11 3 4 5 2 8 10 11 12 14 10 7 1
4 15
50 4 5 15 8 14 7 14 12 2 13 8 13 15 9 4 8 10 7 10 3 14 15 6 4 9 4 13 12 6 9 3 1 5 10 8 3 8 13 14 10 2 7 14 1 7 2 8 1 15 9
45 6 9 8 9 9 11 6 12 8 6 14 9 11 8 8 5 1 13 11 10 14 2 15 15 15 8 14 1 8 8 2 5 8 9 13 1 4 10 12 4 8 10 4 3 3
28 14 10 15 9 4 14 2 10 5 2 2 3 2 1 2 3 12 9 4 1 9 7 11 12 2 3 14 5
41 8 8 2 2 7 11 12 5 12 6 1 13 14 4 6 7 5 1 3 6 4 4 6 2 6 3 4 15 1 8 3 15 15 4 1 14 14 12 3 11 2
9 12
5 5 8 4 4 6
48 1 6 10 1 4 3 1 10 5 2 1 2 10 1 11 7 2 4 9 3 8 2 7 7 2 3 6 6 10 11 3 3 4 4 3 8 10 7 9 6 8 1 7 9 6 5 3 7
49 3 1 7 4 11 2 5 5 7 2 3 6 4 5 1 11 11 12 8 5 9 1 4 1 7 12 6 4 6 5 3 8 5 10 3 8 3 7 12 1 1 2 6 8 10 11 7 12 10
49 8 10 7 3 11 1 2 8 8 11 12 11 6 9 8 8 4 10 7 3 10 7 9 8 2 10 10 12 2 7 2 9 5 8 12 7 12 5 6 8 4 6 10 1 6 5 1 9 6
39 3 7 5 11 6 10 1 3 10 2 2 3 10 10 2 1 4 5 10 9 4 5 6 1 5 11 9 9 11 6 7 2 1 11 4 10 1 4 5
46 5 6 4 7 7 5 11 10 9 8 10 1 12 8 1 9 10 2 9 9 7 4 2 11 6 5 9 6 9 5 11 1 10 2 7 4 10 6 5 7 5 6 11 9 5 3
29 3 4 5 3 11 8 4 9 6 8 9 11 4 1 10 9 2 3 7 9 1 4 5 11 9 11 1 9 3
0
16 9 11 9 11 1 9 2 1 2 10 2 4 5 2 5 1
6 22
25 10 12 15 15 18 13 11 2 7 5 12 19 14 6 16 2 12 6 8 3 3 1 12 16 19
48 7 22 16 2 15 4 13 7 16 6 18 4 7 2 6 16 19 19 22 10 21 9 13 4 11 15 4 20 6 20 15 12 19 8 13 11 9 1 16 2 6 11 3 10 10 9 4 4
44 3 13 21 11 3 2 20 15 3 17 21 1 9 8 17 15 21 4 1 19 17 1 3 3 1 12 12 9 13 16 12 15 4 8 2 5 8 21 17 10 15 13 8 22
16 3 14 17 4 12 13 20 10 15 22 11 3 9 19 15 22
12 6 2 12 5 6 19 3 20 4 15 11 12
1 9
8 21
12 20 4 8 4 21 12 13 19 2 15 13 7
19 11 13 16 13 1 9 4 12 19 8 15 10 9 16 10 18 10 5 14
15 11 15 10 1 6 6 21 20 18 6 7 7 17 20 20
17 5 21 6 1 7 20 10 13 12 18 9 21 20 20 12 9 13
10 7 16 4 6 13 21 10 19 4 5
6 2 19 20 21 1 18
36 18 7 17 9 1 2 8 20 1 18 6 11 14 10 6 17 14 18 14 2 13 15 6 7 15 1 4 14 21 21 17 15 4 10 21 2
41 8 20 12 2 4 20 13 13 4 6 5 19 19 4 11 12 7 15 5 6 16 16 5 14 12 19 15 19 17 17 9 1 15 18 2 16 17 14 7 20 19
5 22
4 21 2 22 3
31 8 2 17 15 5 1 4 18 19 10 15 6 18 2 16 22 16 18 19 9 19 13 22 22 22 13 18 1 11 20 1
21 21 15 6 1 15 10 19 9 17 9 15 12 9 8 9 2 4 3 11 20 16
32 19 15 19 12 14 7 10 14 22 8 6 5 9 18 12 3 4 4 11 16 14 19 2 22 19 3 3 5 20 16 12 16
30 8 3 21 12 12 10 11 18 13 14 2 6 1 4 8 5 12 1 16 7 22 15 1 2 15 5 21 8 16 12
5 6
47 6 1 4 6 2 5 2 5 2 6 5 5 5 3 1 5 6 1 1 3 3 4 5 3 3 5 4 2 2 3 4 5 4 6 4 5 4 4 1 6 1 5 2 5 2 2 1
42 2 1 1 2 3 6 4 5 2 6 4 3 2 2 1 3 5 5 1 2 6 1 5 6 6 1 4 5 2 2 5 2 3 4 1 3 3 5 5 2 2 2
0
36 1 4 4 5 6 4 5 5 3 3 4 6 3 5 4 3 1 2 4 1 5 4 3 5 6 5 6 5 6 3 6 5 5 1 3 2
1 1
2 5
12 2 5 2 2 4 3 1 3 1 2 3 3
2 2 2
8 11
39 2 9 9 9 5 1 2 10 9 4 4 10 5 8 2 8 5 10 9 2 2 1 10 8 8 9 3 11 9 9 11 10 6 8 6 8 8 7 6
0
0
48 2 11 4 3 7 6 10 4 7 11 2 5 6 7 11 8 7 8 3 4 4 6 1 7 2 6 2 6 9 10 2 10 7 3 11 2 8 9 3 1 7 3 3 1 9 2 6 2
39 7 6 8 1 4 4 3 7 3 8 5 10 7 1 5 9 11 4 3 7 7 3 2 9 5 11 4 4 5 6 10 11 11 4 1 1 7 1 7
18 6 11 6 1 10 11 7 9 3 9 4 7 9 3 2 2 2 6
40 5 11 1 4 8 4 2 8 9 11 3 5 5 1 10 3 10 9 9 5 10 6 7 5 3 9 7 2 11 10 4 4 9 4 5 5 6 5 10 3
13 10 5 7 10 3 9 6 10 7 11 6 10 6
3 11
19 3 10 11 1 3 3 9 4 8 11 9 1 7 9 2 6 2 8 2
9 6 8 10 10 5 4 6 8 2
49 8 3 2 8 3 2 10 10 5 4 7 1 2 3 9 4 6 9 9 7 9 1 1 7 8 3 8 3 10 9 3 5 9 4 1 1 3 8 8 8 1 3 8 2 3 3 3 8 9
2 5
41 3 4 3 4 1 4 3 2 3 5 5 3 3 4 4 5 4 2 5 2 3 1 2 2 2 3 3 4 4 5 2 3 3 4 1 5 5 5 2 4 5
47 3 2 2 4 1 2 5 3 5 4 5 1 1 1 3 3 5 3 4 1 3 3 1 5 3 2 5 1 5 4 3 5 2 1 3 4 2 4 1 3 3 1 4 3 1 3 2
4 20
7 4 13 4 10 19 6 6
20 6 18 8 19 17 14 19 9 8 18 17 18 20 16 10 10 13 8 3 4
2 5 10
38 9 14 4 7 11 1 20 17 18 7 7 6 13 17 6 20 14 15 9 6 10 19 7 3 18 9 18 16 5 20 10 13 5 5 20 15 6 11
9 14
3 11 13 3
3 6 6 5
42 7 2 12 11 5 14 2 1 5 9 14 6 11 10 4 3 13 13 14 11 3 1 14 14 11 2 9 2 8 13 14 12 13 9 8 3 8 9 1 10 3 14
42 11 8 5 14 4 1 11 1 2 11 14 13 5 13 7 7 4 5 4 1 3 12 8 3 3 14 4 12 1 1 13 11 8 2 8 12 14 5 12 1 13 9
10 4 7 3 10 11 8 11 9 8 8
36 11 10 14 12 5 14 12 4 9 4 3 2 13 14 4 8 1 3 2 11 6 6 14 13 14 5 9 9 10 14 9 4 7 6 1 11
10 11 12 10 14 14 11 10 12 1 3
46 1 4 6 4 9 3 2 9 7 8 1 3 5 7 4 11 12 5 7 13 13 5 8 10 2 3 5 13 1 7 8 13 8 12 2 14 14 1 6 5 8 6 7 12 12 8
19 8 12 12 4 10 14 10 5 14 12 7 10 10 11 4 8 4 1 9
6 16
44 1 16 10 13 14 9 10 10 16 5 5 3 5 9 5 4 5 2 15 6 5 12 6 8 5 6 2 5 1 12 9 1 11 2 13 9 10 7 2 9 11 6 11 15
34 15 2 3 16 16 8 5 11 13 12 15 2 14 3 2 9 11 3 3 12 15 11 5 5 12 13 16 2 8 14 15 6 16 1
41 15 8 10 10 5 5 8 6 2 11 8 10 5 10 13 1 8 7 5 13 3 2 12 4 9 9 2 14 8 3 3 7 10 12 16 14 1 7 4 2 1
27 12 6 4 8 6 11 14 10 7 16 11 2 3 3 11 5 1 2 7 3 8 16 15 7 14 15 14
35 16 14 11 11 3 14 2 8 8 16 2 15 15 12 16 2 15 10 6 15 12 12 1 3 11 15 10 8 13 7 8 13 4 2 7
50 15 9 14 7 8 15 5 6 11 4 7 9 14 12 7 9 7 7 11 2 6 4 9 2 10 1 14 14 2 5 4 1 13 1 7 4 16 11 9 10 14 16 2 11 11 8 3 2 14 14
